trial b/dMass b/dEcc b/dActViscMan 
bmass0_becc0_bvisc0 -1.600000 0.000000 290000.000000
bmass0_becc0_bvisc1 -1.600000 0.000000 296428.571429
bmass0_becc0_bvisc2 -1.600000 0.000000 302857.142857
bmass0_becc0_bvisc3 -1.600000 0.000000 309285.714286
bmass0_becc0_bvisc4 -1.600000 0.000000 315714.285714
bmass0_becc0_bvisc5 -1.600000 0.000000 322142.857143
bmass0_becc0_bvisc6 -1.600000 0.000000 328571.428571
bmass0_becc0_bvisc7 -1.600000 0.000000 335000.000000
bmass0_becc1_bvisc0 -1.600000 0.042857 290000.000000
bmass0_becc1_bvisc1 -1.600000 0.042857 296428.571429
bmass0_becc1_bvisc2 -1.600000 0.042857 302857.142857
bmass0_becc1_bvisc3 -1.600000 0.042857 309285.714286
bmass0_becc1_bvisc4 -1.600000 0.042857 315714.285714
bmass0_becc1_bvisc5 -1.600000 0.042857 322142.857143
bmass0_becc1_bvisc6 -1.600000 0.042857 328571.428571
bmass0_becc1_bvisc7 -1.600000 0.042857 335000.000000
bmass0_becc2_bvisc0 -1.600000 0.085714 290000.000000
bmass0_becc2_bvisc1 -1.600000 0.085714 296428.571429
bmass0_becc2_bvisc2 -1.600000 0.085714 302857.142857
bmass0_becc2_bvisc3 -1.600000 0.085714 309285.714286
bmass0_becc2_bvisc4 -1.600000 0.085714 315714.285714
bmass0_becc2_bvisc5 -1.600000 0.085714 322142.857143
bmass0_becc2_bvisc6 -1.600000 0.085714 328571.428571
bmass0_becc2_bvisc7 -1.600000 0.085714 335000.000000
bmass0_becc3_bvisc0 -1.600000 0.128571 290000.000000
bmass0_becc3_bvisc1 -1.600000 0.128571 296428.571429
bmass0_becc3_bvisc2 -1.600000 0.128571 302857.142857
bmass0_becc3_bvisc3 -1.600000 0.128571 309285.714286
bmass0_becc3_bvisc4 -1.600000 0.128571 315714.285714
bmass0_becc3_bvisc5 -1.600000 0.128571 322142.857143
bmass0_becc3_bvisc6 -1.600000 0.128571 328571.428571
bmass0_becc3_bvisc7 -1.600000 0.128571 335000.000000
bmass0_becc4_bvisc0 -1.600000 0.171429 290000.000000
bmass0_becc4_bvisc1 -1.600000 0.171429 296428.571429
bmass0_becc4_bvisc2 -1.600000 0.171429 302857.142857
bmass0_becc4_bvisc3 -1.600000 0.171429 309285.714286
bmass0_becc4_bvisc4 -1.600000 0.171429 315714.285714
bmass0_becc4_bvisc5 -1.600000 0.171429 322142.857143
bmass0_becc4_bvisc6 -1.600000 0.171429 328571.428571
bmass0_becc4_bvisc7 -1.600000 0.171429 335000.000000
bmass0_becc5_bvisc0 -1.600000 0.214286 290000.000000
bmass0_becc5_bvisc1 -1.600000 0.214286 296428.571429
bmass0_becc5_bvisc2 -1.600000 0.214286 302857.142857
bmass0_becc5_bvisc3 -1.600000 0.214286 309285.714286
bmass0_becc5_bvisc4 -1.600000 0.214286 315714.285714
bmass0_becc5_bvisc5 -1.600000 0.214286 322142.857143
bmass0_becc5_bvisc6 -1.600000 0.214286 328571.428571
bmass0_becc5_bvisc7 -1.600000 0.214286 335000.000000
bmass0_becc6_bvisc0 -1.600000 0.257143 290000.000000
bmass0_becc6_bvisc1 -1.600000 0.257143 296428.571429
bmass0_becc6_bvisc2 -1.600000 0.257143 302857.142857
bmass0_becc6_bvisc3 -1.600000 0.257143 309285.714286
bmass0_becc6_bvisc4 -1.600000 0.257143 315714.285714
bmass0_becc6_bvisc5 -1.600000 0.257143 322142.857143
bmass0_becc6_bvisc6 -1.600000 0.257143 328571.428571
bmass0_becc6_bvisc7 -1.600000 0.257143 335000.000000
bmass0_becc7_bvisc0 -1.600000 0.300000 290000.000000
bmass0_becc7_bvisc1 -1.600000 0.300000 296428.571429
bmass0_becc7_bvisc2 -1.600000 0.300000 302857.142857
bmass0_becc7_bvisc3 -1.600000 0.300000 309285.714286
bmass0_becc7_bvisc4 -1.600000 0.300000 315714.285714
bmass0_becc7_bvisc5 -1.600000 0.300000 322142.857143
bmass0_becc7_bvisc6 -1.600000 0.300000 328571.428571
bmass0_becc7_bvisc7 -1.600000 0.300000 335000.000000
bmass1_becc0_bvisc0 -1.942857 0.000000 290000.000000
bmass1_becc0_bvisc1 -1.942857 0.000000 296428.571429
bmass1_becc0_bvisc2 -1.942857 0.000000 302857.142857
bmass1_becc0_bvisc3 -1.942857 0.000000 309285.714286
bmass1_becc0_bvisc4 -1.942857 0.000000 315714.285714
bmass1_becc0_bvisc5 -1.942857 0.000000 322142.857143
bmass1_becc0_bvisc6 -1.942857 0.000000 328571.428571
bmass1_becc0_bvisc7 -1.942857 0.000000 335000.000000
bmass1_becc1_bvisc0 -1.942857 0.042857 290000.000000
bmass1_becc1_bvisc1 -1.942857 0.042857 296428.571429
bmass1_becc1_bvisc2 -1.942857 0.042857 302857.142857
bmass1_becc1_bvisc3 -1.942857 0.042857 309285.714286
bmass1_becc1_bvisc4 -1.942857 0.042857 315714.285714
bmass1_becc1_bvisc5 -1.942857 0.042857 322142.857143
bmass1_becc1_bvisc6 -1.942857 0.042857 328571.428571
bmass1_becc1_bvisc7 -1.942857 0.042857 335000.000000
bmass1_becc2_bvisc0 -1.942857 0.085714 290000.000000
bmass1_becc2_bvisc1 -1.942857 0.085714 296428.571429
bmass1_becc2_bvisc2 -1.942857 0.085714 302857.142857
bmass1_becc2_bvisc3 -1.942857 0.085714 309285.714286
bmass1_becc2_bvisc4 -1.942857 0.085714 315714.285714
bmass1_becc2_bvisc5 -1.942857 0.085714 322142.857143
bmass1_becc2_bvisc6 -1.942857 0.085714 328571.428571
bmass1_becc2_bvisc7 -1.942857 0.085714 335000.000000
bmass1_becc3_bvisc0 -1.942857 0.128571 290000.000000
bmass1_becc3_bvisc1 -1.942857 0.128571 296428.571429
bmass1_becc3_bvisc2 -1.942857 0.128571 302857.142857
bmass1_becc3_bvisc3 -1.942857 0.128571 309285.714286
bmass1_becc3_bvisc4 -1.942857 0.128571 315714.285714
bmass1_becc3_bvisc5 -1.942857 0.128571 322142.857143
bmass1_becc3_bvisc6 -1.942857 0.128571 328571.428571
bmass1_becc3_bvisc7 -1.942857 0.128571 335000.000000
bmass1_becc4_bvisc0 -1.942857 0.171429 290000.000000
bmass1_becc4_bvisc1 -1.942857 0.171429 296428.571429
bmass1_becc4_bvisc2 -1.942857 0.171429 302857.142857
bmass1_becc4_bvisc3 -1.942857 0.171429 309285.714286
bmass1_becc4_bvisc4 -1.942857 0.171429 315714.285714
bmass1_becc4_bvisc5 -1.942857 0.171429 322142.857143
bmass1_becc4_bvisc6 -1.942857 0.171429 328571.428571
bmass1_becc4_bvisc7 -1.942857 0.171429 335000.000000
bmass1_becc5_bvisc0 -1.942857 0.214286 290000.000000
bmass1_becc5_bvisc1 -1.942857 0.214286 296428.571429
bmass1_becc5_bvisc2 -1.942857 0.214286 302857.142857
bmass1_becc5_bvisc3 -1.942857 0.214286 309285.714286
bmass1_becc5_bvisc4 -1.942857 0.214286 315714.285714
bmass1_becc5_bvisc5 -1.942857 0.214286 322142.857143
bmass1_becc5_bvisc6 -1.942857 0.214286 328571.428571
bmass1_becc5_bvisc7 -1.942857 0.214286 335000.000000
bmass1_becc6_bvisc0 -1.942857 0.257143 290000.000000
bmass1_becc6_bvisc1 -1.942857 0.257143 296428.571429
bmass1_becc6_bvisc2 -1.942857 0.257143 302857.142857
bmass1_becc6_bvisc3 -1.942857 0.257143 309285.714286
bmass1_becc6_bvisc4 -1.942857 0.257143 315714.285714
bmass1_becc6_bvisc5 -1.942857 0.257143 322142.857143
bmass1_becc6_bvisc6 -1.942857 0.257143 328571.428571
bmass1_becc6_bvisc7 -1.942857 0.257143 335000.000000
bmass1_becc7_bvisc0 -1.942857 0.300000 290000.000000
bmass1_becc7_bvisc1 -1.942857 0.300000 296428.571429
bmass1_becc7_bvisc2 -1.942857 0.300000 302857.142857
bmass1_becc7_bvisc3 -1.942857 0.300000 309285.714286
bmass1_becc7_bvisc4 -1.942857 0.300000 315714.285714
bmass1_becc7_bvisc5 -1.942857 0.300000 322142.857143
bmass1_becc7_bvisc6 -1.942857 0.300000 328571.428571
bmass1_becc7_bvisc7 -1.942857 0.300000 335000.000000
bmass2_becc0_bvisc0 -2.285714 0.000000 290000.000000
bmass2_becc0_bvisc1 -2.285714 0.000000 296428.571429
bmass2_becc0_bvisc2 -2.285714 0.000000 302857.142857
bmass2_becc0_bvisc3 -2.285714 0.000000 309285.714286
bmass2_becc0_bvisc4 -2.285714 0.000000 315714.285714
bmass2_becc0_bvisc5 -2.285714 0.000000 322142.857143
bmass2_becc0_bvisc6 -2.285714 0.000000 328571.428571
bmass2_becc0_bvisc7 -2.285714 0.000000 335000.000000
bmass2_becc1_bvisc0 -2.285714 0.042857 290000.000000
bmass2_becc1_bvisc1 -2.285714 0.042857 296428.571429
bmass2_becc1_bvisc2 -2.285714 0.042857 302857.142857
bmass2_becc1_bvisc3 -2.285714 0.042857 309285.714286
bmass2_becc1_bvisc4 -2.285714 0.042857 315714.285714
bmass2_becc1_bvisc5 -2.285714 0.042857 322142.857143
bmass2_becc1_bvisc6 -2.285714 0.042857 328571.428571
bmass2_becc1_bvisc7 -2.285714 0.042857 335000.000000
bmass2_becc2_bvisc0 -2.285714 0.085714 290000.000000
bmass2_becc2_bvisc1 -2.285714 0.085714 296428.571429
bmass2_becc2_bvisc2 -2.285714 0.085714 302857.142857
bmass2_becc2_bvisc3 -2.285714 0.085714 309285.714286
bmass2_becc2_bvisc4 -2.285714 0.085714 315714.285714
bmass2_becc2_bvisc5 -2.285714 0.085714 322142.857143
bmass2_becc2_bvisc6 -2.285714 0.085714 328571.428571
bmass2_becc2_bvisc7 -2.285714 0.085714 335000.000000
bmass2_becc3_bvisc0 -2.285714 0.128571 290000.000000
bmass2_becc3_bvisc1 -2.285714 0.128571 296428.571429
bmass2_becc3_bvisc2 -2.285714 0.128571 302857.142857
bmass2_becc3_bvisc3 -2.285714 0.128571 309285.714286
bmass2_becc3_bvisc4 -2.285714 0.128571 315714.285714
bmass2_becc3_bvisc5 -2.285714 0.128571 322142.857143
bmass2_becc3_bvisc6 -2.285714 0.128571 328571.428571
bmass2_becc3_bvisc7 -2.285714 0.128571 335000.000000
bmass2_becc4_bvisc0 -2.285714 0.171429 290000.000000
bmass2_becc4_bvisc1 -2.285714 0.171429 296428.571429
bmass2_becc4_bvisc2 -2.285714 0.171429 302857.142857
bmass2_becc4_bvisc3 -2.285714 0.171429 309285.714286
bmass2_becc4_bvisc4 -2.285714 0.171429 315714.285714
bmass2_becc4_bvisc5 -2.285714 0.171429 322142.857143
bmass2_becc4_bvisc6 -2.285714 0.171429 328571.428571
bmass2_becc4_bvisc7 -2.285714 0.171429 335000.000000
bmass2_becc5_bvisc0 -2.285714 0.214286 290000.000000
bmass2_becc5_bvisc1 -2.285714 0.214286 296428.571429
bmass2_becc5_bvisc2 -2.285714 0.214286 302857.142857
bmass2_becc5_bvisc3 -2.285714 0.214286 309285.714286
bmass2_becc5_bvisc4 -2.285714 0.214286 315714.285714
bmass2_becc5_bvisc5 -2.285714 0.214286 322142.857143
bmass2_becc5_bvisc6 -2.285714 0.214286 328571.428571
bmass2_becc5_bvisc7 -2.285714 0.214286 335000.000000
bmass2_becc6_bvisc0 -2.285714 0.257143 290000.000000
bmass2_becc6_bvisc1 -2.285714 0.257143 296428.571429
bmass2_becc6_bvisc2 -2.285714 0.257143 302857.142857
bmass2_becc6_bvisc3 -2.285714 0.257143 309285.714286
bmass2_becc6_bvisc4 -2.285714 0.257143 315714.285714
bmass2_becc6_bvisc5 -2.285714 0.257143 322142.857143
bmass2_becc6_bvisc6 -2.285714 0.257143 328571.428571
bmass2_becc6_bvisc7 -2.285714 0.257143 335000.000000
bmass2_becc7_bvisc0 -2.285714 0.300000 290000.000000
bmass2_becc7_bvisc1 -2.285714 0.300000 296428.571429
bmass2_becc7_bvisc2 -2.285714 0.300000 302857.142857
bmass2_becc7_bvisc3 -2.285714 0.300000 309285.714286
bmass2_becc7_bvisc4 -2.285714 0.300000 315714.285714
bmass2_becc7_bvisc5 -2.285714 0.300000 322142.857143
bmass2_becc7_bvisc6 -2.285714 0.300000 328571.428571
bmass2_becc7_bvisc7 -2.285714 0.300000 335000.000000
bmass3_becc0_bvisc0 -2.628571 0.000000 290000.000000
bmass3_becc0_bvisc1 -2.628571 0.000000 296428.571429
bmass3_becc0_bvisc2 -2.628571 0.000000 302857.142857
bmass3_becc0_bvisc3 -2.628571 0.000000 309285.714286
bmass3_becc0_bvisc4 -2.628571 0.000000 315714.285714
bmass3_becc0_bvisc5 -2.628571 0.000000 322142.857143
bmass3_becc0_bvisc6 -2.628571 0.000000 328571.428571
bmass3_becc0_bvisc7 -2.628571 0.000000 335000.000000
bmass3_becc1_bvisc0 -2.628571 0.042857 290000.000000
bmass3_becc1_bvisc1 -2.628571 0.042857 296428.571429
bmass3_becc1_bvisc2 -2.628571 0.042857 302857.142857
bmass3_becc1_bvisc3 -2.628571 0.042857 309285.714286
bmass3_becc1_bvisc4 -2.628571 0.042857 315714.285714
bmass3_becc1_bvisc5 -2.628571 0.042857 322142.857143
bmass3_becc1_bvisc6 -2.628571 0.042857 328571.428571
bmass3_becc1_bvisc7 -2.628571 0.042857 335000.000000
bmass3_becc2_bvisc0 -2.628571 0.085714 290000.000000
bmass3_becc2_bvisc1 -2.628571 0.085714 296428.571429
bmass3_becc2_bvisc2 -2.628571 0.085714 302857.142857
bmass3_becc2_bvisc3 -2.628571 0.085714 309285.714286
bmass3_becc2_bvisc4 -2.628571 0.085714 315714.285714
bmass3_becc2_bvisc5 -2.628571 0.085714 322142.857143
bmass3_becc2_bvisc6 -2.628571 0.085714 328571.428571
bmass3_becc2_bvisc7 -2.628571 0.085714 335000.000000
bmass3_becc3_bvisc0 -2.628571 0.128571 290000.000000
bmass3_becc3_bvisc1 -2.628571 0.128571 296428.571429
bmass3_becc3_bvisc2 -2.628571 0.128571 302857.142857
bmass3_becc3_bvisc3 -2.628571 0.128571 309285.714286
bmass3_becc3_bvisc4 -2.628571 0.128571 315714.285714
bmass3_becc3_bvisc5 -2.628571 0.128571 322142.857143
bmass3_becc3_bvisc6 -2.628571 0.128571 328571.428571
bmass3_becc3_bvisc7 -2.628571 0.128571 335000.000000
bmass3_becc4_bvisc0 -2.628571 0.171429 290000.000000
bmass3_becc4_bvisc1 -2.628571 0.171429 296428.571429
bmass3_becc4_bvisc2 -2.628571 0.171429 302857.142857
bmass3_becc4_bvisc3 -2.628571 0.171429 309285.714286
bmass3_becc4_bvisc4 -2.628571 0.171429 315714.285714
bmass3_becc4_bvisc5 -2.628571 0.171429 322142.857143
bmass3_becc4_bvisc6 -2.628571 0.171429 328571.428571
bmass3_becc4_bvisc7 -2.628571 0.171429 335000.000000
bmass3_becc5_bvisc0 -2.628571 0.214286 290000.000000
bmass3_becc5_bvisc1 -2.628571 0.214286 296428.571429
bmass3_becc5_bvisc2 -2.628571 0.214286 302857.142857
bmass3_becc5_bvisc3 -2.628571 0.214286 309285.714286
bmass3_becc5_bvisc4 -2.628571 0.214286 315714.285714
bmass3_becc5_bvisc5 -2.628571 0.214286 322142.857143
bmass3_becc5_bvisc6 -2.628571 0.214286 328571.428571
bmass3_becc5_bvisc7 -2.628571 0.214286 335000.000000
bmass3_becc6_bvisc0 -2.628571 0.257143 290000.000000
bmass3_becc6_bvisc1 -2.628571 0.257143 296428.571429
bmass3_becc6_bvisc2 -2.628571 0.257143 302857.142857
bmass3_becc6_bvisc3 -2.628571 0.257143 309285.714286
bmass3_becc6_bvisc4 -2.628571 0.257143 315714.285714
bmass3_becc6_bvisc5 -2.628571 0.257143 322142.857143
bmass3_becc6_bvisc6 -2.628571 0.257143 328571.428571
bmass3_becc6_bvisc7 -2.628571 0.257143 335000.000000
bmass3_becc7_bvisc0 -2.628571 0.300000 290000.000000
bmass3_becc7_bvisc1 -2.628571 0.300000 296428.571429
bmass3_becc7_bvisc2 -2.628571 0.300000 302857.142857
bmass3_becc7_bvisc3 -2.628571 0.300000 309285.714286
bmass3_becc7_bvisc4 -2.628571 0.300000 315714.285714
bmass3_becc7_bvisc5 -2.628571 0.300000 322142.857143
bmass3_becc7_bvisc6 -2.628571 0.300000 328571.428571
bmass3_becc7_bvisc7 -2.628571 0.300000 335000.000000
bmass4_becc0_bvisc0 -2.971429 0.000000 290000.000000
bmass4_becc0_bvisc1 -2.971429 0.000000 296428.571429
bmass4_becc0_bvisc2 -2.971429 0.000000 302857.142857
bmass4_becc0_bvisc3 -2.971429 0.000000 309285.714286
bmass4_becc0_bvisc4 -2.971429 0.000000 315714.285714
bmass4_becc0_bvisc5 -2.971429 0.000000 322142.857143
bmass4_becc0_bvisc6 -2.971429 0.000000 328571.428571
bmass4_becc0_bvisc7 -2.971429 0.000000 335000.000000
bmass4_becc1_bvisc0 -2.971429 0.042857 290000.000000
bmass4_becc1_bvisc1 -2.971429 0.042857 296428.571429
bmass4_becc1_bvisc2 -2.971429 0.042857 302857.142857
bmass4_becc1_bvisc3 -2.971429 0.042857 309285.714286
bmass4_becc1_bvisc4 -2.971429 0.042857 315714.285714
bmass4_becc1_bvisc5 -2.971429 0.042857 322142.857143
bmass4_becc1_bvisc6 -2.971429 0.042857 328571.428571
bmass4_becc1_bvisc7 -2.971429 0.042857 335000.000000
bmass4_becc2_bvisc0 -2.971429 0.085714 290000.000000
bmass4_becc2_bvisc1 -2.971429 0.085714 296428.571429
bmass4_becc2_bvisc2 -2.971429 0.085714 302857.142857
bmass4_becc2_bvisc3 -2.971429 0.085714 309285.714286
bmass4_becc2_bvisc4 -2.971429 0.085714 315714.285714
bmass4_becc2_bvisc5 -2.971429 0.085714 322142.857143
bmass4_becc2_bvisc6 -2.971429 0.085714 328571.428571
bmass4_becc2_bvisc7 -2.971429 0.085714 335000.000000
bmass4_becc3_bvisc0 -2.971429 0.128571 290000.000000
bmass4_becc3_bvisc1 -2.971429 0.128571 296428.571429
bmass4_becc3_bvisc2 -2.971429 0.128571 302857.142857
bmass4_becc3_bvisc3 -2.971429 0.128571 309285.714286
bmass4_becc3_bvisc4 -2.971429 0.128571 315714.285714
bmass4_becc3_bvisc5 -2.971429 0.128571 322142.857143
bmass4_becc3_bvisc6 -2.971429 0.128571 328571.428571
bmass4_becc3_bvisc7 -2.971429 0.128571 335000.000000
bmass4_becc4_bvisc0 -2.971429 0.171429 290000.000000
bmass4_becc4_bvisc1 -2.971429 0.171429 296428.571429
bmass4_becc4_bvisc2 -2.971429 0.171429 302857.142857
bmass4_becc4_bvisc3 -2.971429 0.171429 309285.714286
bmass4_becc4_bvisc4 -2.971429 0.171429 315714.285714
bmass4_becc4_bvisc5 -2.971429 0.171429 322142.857143
bmass4_becc4_bvisc6 -2.971429 0.171429 328571.428571
bmass4_becc4_bvisc7 -2.971429 0.171429 335000.000000
bmass4_becc5_bvisc0 -2.971429 0.214286 290000.000000
bmass4_becc5_bvisc1 -2.971429 0.214286 296428.571429
bmass4_becc5_bvisc2 -2.971429 0.214286 302857.142857
bmass4_becc5_bvisc3 -2.971429 0.214286 309285.714286
bmass4_becc5_bvisc4 -2.971429 0.214286 315714.285714
bmass4_becc5_bvisc5 -2.971429 0.214286 322142.857143
bmass4_becc5_bvisc6 -2.971429 0.214286 328571.428571
bmass4_becc5_bvisc7 -2.971429 0.214286 335000.000000
bmass4_becc6_bvisc0 -2.971429 0.257143 290000.000000
bmass4_becc6_bvisc1 -2.971429 0.257143 296428.571429
bmass4_becc6_bvisc2 -2.971429 0.257143 302857.142857
bmass4_becc6_bvisc3 -2.971429 0.257143 309285.714286
bmass4_becc6_bvisc4 -2.971429 0.257143 315714.285714
bmass4_becc6_bvisc5 -2.971429 0.257143 322142.857143
bmass4_becc6_bvisc6 -2.971429 0.257143 328571.428571
bmass4_becc6_bvisc7 -2.971429 0.257143 335000.000000
bmass4_becc7_bvisc0 -2.971429 0.300000 290000.000000
bmass4_becc7_bvisc1 -2.971429 0.300000 296428.571429
bmass4_becc7_bvisc2 -2.971429 0.300000 302857.142857
bmass4_becc7_bvisc3 -2.971429 0.300000 309285.714286
bmass4_becc7_bvisc4 -2.971429 0.300000 315714.285714
bmass4_becc7_bvisc5 -2.971429 0.300000 322142.857143
bmass4_becc7_bvisc6 -2.971429 0.300000 328571.428571
bmass4_becc7_bvisc7 -2.971429 0.300000 335000.000000
bmass5_becc0_bvisc0 -3.314286 0.000000 290000.000000
bmass5_becc0_bvisc1 -3.314286 0.000000 296428.571429
bmass5_becc0_bvisc2 -3.314286 0.000000 302857.142857
bmass5_becc0_bvisc3 -3.314286 0.000000 309285.714286
bmass5_becc0_bvisc4 -3.314286 0.000000 315714.285714
bmass5_becc0_bvisc5 -3.314286 0.000000 322142.857143
bmass5_becc0_bvisc6 -3.314286 0.000000 328571.428571
bmass5_becc0_bvisc7 -3.314286 0.000000 335000.000000
bmass5_becc1_bvisc0 -3.314286 0.042857 290000.000000
bmass5_becc1_bvisc1 -3.314286 0.042857 296428.571429
bmass5_becc1_bvisc2 -3.314286 0.042857 302857.142857
bmass5_becc1_bvisc3 -3.314286 0.042857 309285.714286
bmass5_becc1_bvisc4 -3.314286 0.042857 315714.285714
bmass5_becc1_bvisc5 -3.314286 0.042857 322142.857143
bmass5_becc1_bvisc6 -3.314286 0.042857 328571.428571
bmass5_becc1_bvisc7 -3.314286 0.042857 335000.000000
bmass5_becc2_bvisc0 -3.314286 0.085714 290000.000000
bmass5_becc2_bvisc1 -3.314286 0.085714 296428.571429
bmass5_becc2_bvisc2 -3.314286 0.085714 302857.142857
bmass5_becc2_bvisc3 -3.314286 0.085714 309285.714286
bmass5_becc2_bvisc4 -3.314286 0.085714 315714.285714
bmass5_becc2_bvisc5 -3.314286 0.085714 322142.857143
bmass5_becc2_bvisc6 -3.314286 0.085714 328571.428571
bmass5_becc2_bvisc7 -3.314286 0.085714 335000.000000
bmass5_becc3_bvisc0 -3.314286 0.128571 290000.000000
bmass5_becc3_bvisc1 -3.314286 0.128571 296428.571429
bmass5_becc3_bvisc2 -3.314286 0.128571 302857.142857
bmass5_becc3_bvisc3 -3.314286 0.128571 309285.714286
bmass5_becc3_bvisc4 -3.314286 0.128571 315714.285714
bmass5_becc3_bvisc5 -3.314286 0.128571 322142.857143
bmass5_becc3_bvisc6 -3.314286 0.128571 328571.428571
bmass5_becc3_bvisc7 -3.314286 0.128571 335000.000000
bmass5_becc4_bvisc0 -3.314286 0.171429 290000.000000
bmass5_becc4_bvisc1 -3.314286 0.171429 296428.571429
bmass5_becc4_bvisc2 -3.314286 0.171429 302857.142857
bmass5_becc4_bvisc3 -3.314286 0.171429 309285.714286
bmass5_becc4_bvisc4 -3.314286 0.171429 315714.285714
bmass5_becc4_bvisc5 -3.314286 0.171429 322142.857143
bmass5_becc4_bvisc6 -3.314286 0.171429 328571.428571
bmass5_becc4_bvisc7 -3.314286 0.171429 335000.000000
bmass5_becc5_bvisc0 -3.314286 0.214286 290000.000000
bmass5_becc5_bvisc1 -3.314286 0.214286 296428.571429
bmass5_becc5_bvisc2 -3.314286 0.214286 302857.142857
bmass5_becc5_bvisc3 -3.314286 0.214286 309285.714286
bmass5_becc5_bvisc4 -3.314286 0.214286 315714.285714
bmass5_becc5_bvisc5 -3.314286 0.214286 322142.857143
bmass5_becc5_bvisc6 -3.314286 0.214286 328571.428571
bmass5_becc5_bvisc7 -3.314286 0.214286 335000.000000
bmass5_becc6_bvisc0 -3.314286 0.257143 290000.000000
bmass5_becc6_bvisc1 -3.314286 0.257143 296428.571429
bmass5_becc6_bvisc2 -3.314286 0.257143 302857.142857
bmass5_becc6_bvisc3 -3.314286 0.257143 309285.714286
bmass5_becc6_bvisc4 -3.314286 0.257143 315714.285714
bmass5_becc6_bvisc5 -3.314286 0.257143 322142.857143
bmass5_becc6_bvisc6 -3.314286 0.257143 328571.428571
bmass5_becc6_bvisc7 -3.314286 0.257143 335000.000000
bmass5_becc7_bvisc0 -3.314286 0.300000 290000.000000
bmass5_becc7_bvisc1 -3.314286 0.300000 296428.571429
bmass5_becc7_bvisc2 -3.314286 0.300000 302857.142857
bmass5_becc7_bvisc3 -3.314286 0.300000 309285.714286
bmass5_becc7_bvisc4 -3.314286 0.300000 315714.285714
bmass5_becc7_bvisc5 -3.314286 0.300000 322142.857143
bmass5_becc7_bvisc6 -3.314286 0.300000 328571.428571
bmass5_becc7_bvisc7 -3.314286 0.300000 335000.000000
bmass6_becc0_bvisc0 -3.657143 0.000000 290000.000000
bmass6_becc0_bvisc1 -3.657143 0.000000 296428.571429
bmass6_becc0_bvisc2 -3.657143 0.000000 302857.142857
bmass6_becc0_bvisc3 -3.657143 0.000000 309285.714286
bmass6_becc0_bvisc4 -3.657143 0.000000 315714.285714
bmass6_becc0_bvisc5 -3.657143 0.000000 322142.857143
bmass6_becc0_bvisc6 -3.657143 0.000000 328571.428571
bmass6_becc0_bvisc7 -3.657143 0.000000 335000.000000
bmass6_becc1_bvisc0 -3.657143 0.042857 290000.000000
bmass6_becc1_bvisc1 -3.657143 0.042857 296428.571429
bmass6_becc1_bvisc2 -3.657143 0.042857 302857.142857
bmass6_becc1_bvisc3 -3.657143 0.042857 309285.714286
bmass6_becc1_bvisc4 -3.657143 0.042857 315714.285714
bmass6_becc1_bvisc5 -3.657143 0.042857 322142.857143
bmass6_becc1_bvisc6 -3.657143 0.042857 328571.428571
bmass6_becc1_bvisc7 -3.657143 0.042857 335000.000000
bmass6_becc2_bvisc0 -3.657143 0.085714 290000.000000
bmass6_becc2_bvisc1 -3.657143 0.085714 296428.571429
bmass6_becc2_bvisc2 -3.657143 0.085714 302857.142857
bmass6_becc2_bvisc3 -3.657143 0.085714 309285.714286
bmass6_becc2_bvisc4 -3.657143 0.085714 315714.285714
bmass6_becc2_bvisc5 -3.657143 0.085714 322142.857143
bmass6_becc2_bvisc6 -3.657143 0.085714 328571.428571
bmass6_becc2_bvisc7 -3.657143 0.085714 335000.000000
bmass6_becc3_bvisc0 -3.657143 0.128571 290000.000000
bmass6_becc3_bvisc1 -3.657143 0.128571 296428.571429
bmass6_becc3_bvisc2 -3.657143 0.128571 302857.142857
bmass6_becc3_bvisc3 -3.657143 0.128571 309285.714286
bmass6_becc3_bvisc4 -3.657143 0.128571 315714.285714
bmass6_becc3_bvisc5 -3.657143 0.128571 322142.857143
bmass6_becc3_bvisc6 -3.657143 0.128571 328571.428571
bmass6_becc3_bvisc7 -3.657143 0.128571 335000.000000
bmass6_becc4_bvisc0 -3.657143 0.171429 290000.000000
bmass6_becc4_bvisc1 -3.657143 0.171429 296428.571429
bmass6_becc4_bvisc2 -3.657143 0.171429 302857.142857
bmass6_becc4_bvisc3 -3.657143 0.171429 309285.714286
bmass6_becc4_bvisc4 -3.657143 0.171429 315714.285714
bmass6_becc4_bvisc5 -3.657143 0.171429 322142.857143
bmass6_becc4_bvisc6 -3.657143 0.171429 328571.428571
bmass6_becc4_bvisc7 -3.657143 0.171429 335000.000000
bmass6_becc5_bvisc0 -3.657143 0.214286 290000.000000
bmass6_becc5_bvisc1 -3.657143 0.214286 296428.571429
bmass6_becc5_bvisc2 -3.657143 0.214286 302857.142857
bmass6_becc5_bvisc3 -3.657143 0.214286 309285.714286
bmass6_becc5_bvisc4 -3.657143 0.214286 315714.285714
bmass6_becc5_bvisc5 -3.657143 0.214286 322142.857143
bmass6_becc5_bvisc6 -3.657143 0.214286 328571.428571
bmass6_becc5_bvisc7 -3.657143 0.214286 335000.000000
bmass6_becc6_bvisc0 -3.657143 0.257143 290000.000000
bmass6_becc6_bvisc1 -3.657143 0.257143 296428.571429
bmass6_becc6_bvisc2 -3.657143 0.257143 302857.142857
bmass6_becc6_bvisc3 -3.657143 0.257143 309285.714286
bmass6_becc6_bvisc4 -3.657143 0.257143 315714.285714
bmass6_becc6_bvisc5 -3.657143 0.257143 322142.857143
bmass6_becc6_bvisc6 -3.657143 0.257143 328571.428571
bmass6_becc6_bvisc7 -3.657143 0.257143 335000.000000
bmass6_becc7_bvisc0 -3.657143 0.300000 290000.000000
bmass6_becc7_bvisc1 -3.657143 0.300000 296428.571429
bmass6_becc7_bvisc2 -3.657143 0.300000 302857.142857
bmass6_becc7_bvisc3 -3.657143 0.300000 309285.714286
bmass6_becc7_bvisc4 -3.657143 0.300000 315714.285714
bmass6_becc7_bvisc5 -3.657143 0.300000 322142.857143
bmass6_becc7_bvisc6 -3.657143 0.300000 328571.428571
bmass6_becc7_bvisc7 -3.657143 0.300000 335000.000000
bmass7_becc0_bvisc0 -4.000000 0.000000 290000.000000
bmass7_becc0_bvisc1 -4.000000 0.000000 296428.571429
bmass7_becc0_bvisc2 -4.000000 0.000000 302857.142857
bmass7_becc0_bvisc3 -4.000000 0.000000 309285.714286
bmass7_becc0_bvisc4 -4.000000 0.000000 315714.285714
bmass7_becc0_bvisc5 -4.000000 0.000000 322142.857143
bmass7_becc0_bvisc6 -4.000000 0.000000 328571.428571
bmass7_becc0_bvisc7 -4.000000 0.000000 335000.000000
bmass7_becc1_bvisc0 -4.000000 0.042857 290000.000000
bmass7_becc1_bvisc1 -4.000000 0.042857 296428.571429
bmass7_becc1_bvisc2 -4.000000 0.042857 302857.142857
bmass7_becc1_bvisc3 -4.000000 0.042857 309285.714286
bmass7_becc1_bvisc4 -4.000000 0.042857 315714.285714
bmass7_becc1_bvisc5 -4.000000 0.042857 322142.857143
bmass7_becc1_bvisc6 -4.000000 0.042857 328571.428571
bmass7_becc1_bvisc7 -4.000000 0.042857 335000.000000
bmass7_becc2_bvisc0 -4.000000 0.085714 290000.000000
bmass7_becc2_bvisc1 -4.000000 0.085714 296428.571429
bmass7_becc2_bvisc2 -4.000000 0.085714 302857.142857
bmass7_becc2_bvisc3 -4.000000 0.085714 309285.714286
bmass7_becc2_bvisc4 -4.000000 0.085714 315714.285714
bmass7_becc2_bvisc5 -4.000000 0.085714 322142.857143
bmass7_becc2_bvisc6 -4.000000 0.085714 328571.428571
bmass7_becc2_bvisc7 -4.000000 0.085714 335000.000000
bmass7_becc3_bvisc0 -4.000000 0.128571 290000.000000
bmass7_becc3_bvisc1 -4.000000 0.128571 296428.571429
bmass7_becc3_bvisc2 -4.000000 0.128571 302857.142857
bmass7_becc3_bvisc3 -4.000000 0.128571 309285.714286
bmass7_becc3_bvisc4 -4.000000 0.128571 315714.285714
bmass7_becc3_bvisc5 -4.000000 0.128571 322142.857143
bmass7_becc3_bvisc6 -4.000000 0.128571 328571.428571
bmass7_becc3_bvisc7 -4.000000 0.128571 335000.000000
bmass7_becc4_bvisc0 -4.000000 0.171429 290000.000000
bmass7_becc4_bvisc1 -4.000000 0.171429 296428.571429
bmass7_becc4_bvisc2 -4.000000 0.171429 302857.142857
bmass7_becc4_bvisc3 -4.000000 0.171429 309285.714286
bmass7_becc4_bvisc4 -4.000000 0.171429 315714.285714
bmass7_becc4_bvisc5 -4.000000 0.171429 322142.857143
bmass7_becc4_bvisc6 -4.000000 0.171429 328571.428571
bmass7_becc4_bvisc7 -4.000000 0.171429 335000.000000
bmass7_becc5_bvisc0 -4.000000 0.214286 290000.000000
bmass7_becc5_bvisc1 -4.000000 0.214286 296428.571429
bmass7_becc5_bvisc2 -4.000000 0.214286 302857.142857
bmass7_becc5_bvisc3 -4.000000 0.214286 309285.714286
bmass7_becc5_bvisc4 -4.000000 0.214286 315714.285714
bmass7_becc5_bvisc5 -4.000000 0.214286 322142.857143
bmass7_becc5_bvisc6 -4.000000 0.214286 328571.428571
bmass7_becc5_bvisc7 -4.000000 0.214286 335000.000000
bmass7_becc6_bvisc0 -4.000000 0.257143 290000.000000
bmass7_becc6_bvisc1 -4.000000 0.257143 296428.571429
bmass7_becc6_bvisc2 -4.000000 0.257143 302857.142857
bmass7_becc6_bvisc3 -4.000000 0.257143 309285.714286
bmass7_becc6_bvisc4 -4.000000 0.257143 315714.285714
bmass7_becc6_bvisc5 -4.000000 0.257143 322142.857143
bmass7_becc6_bvisc6 -4.000000 0.257143 328571.428571
bmass7_becc6_bvisc7 -4.000000 0.257143 335000.000000
bmass7_becc7_bvisc0 -4.000000 0.300000 290000.000000
bmass7_becc7_bvisc1 -4.000000 0.300000 296428.571429
bmass7_becc7_bvisc2 -4.000000 0.300000 302857.142857
bmass7_becc7_bvisc3 -4.000000 0.300000 309285.714286
bmass7_becc7_bvisc4 -4.000000 0.300000 315714.285714
bmass7_becc7_bvisc5 -4.000000 0.300000 322142.857143
bmass7_becc7_bvisc6 -4.000000 0.300000 328571.428571
bmass7_becc7_bvisc7 -4.000000 0.300000 335000.000000
